Input 1:
6 11
5 1 5 4 5 2 
4 1 4 2 4 3 4 6
2 1 2 3 2 6
3 6
3
output 1:
1 2 4
1 2 5
1 4 5
2 3 4
2 3 6
2 4 5
2 4 6
3 4 6


Input 2:
6 11
5 1 5 4 5 2 
4 1 4 2 4 3 4 6
2 1 2 3 2 6
3 6
4
Output 2:
1 2 4 5
2 3 4 6


Input 3:
5 10
1 2 1 3 1 4 1 5
2 3 2 4 2 5
3 4 3 5
4 5
5
output 3:
1 2 3 4 5


Input 4:
7 8
1 4 1 5 
2 4
3 4
4 5 4 6 4 7
5 7
3
output 4:
1 4 5
4 5 7


Input 5:
8 10
1 2 1 3
2 4 2 7 2 6
5 7 5 6 5 8
6 7 6 8
3
output 5:
2 6 7
5 6 7
5 6 8


Input 6:
5 6
1 2 2 3 3 1
3 4 4 5 5 3
3
Output 6: 
1 2 3
3 4 5


Input 7: 
6 8
1 6 1 2 1 3 1 4  
2 3 2 4 3 4 4 5
3
Output 7: 
1 2 3         
1 2 4         
1 3 4         
2 3 4


Input 8: 
5 10
1 2 1 3 1 4 1 5
2 3 2 4 2 5
3 4 3 5 
4 5
5
Output 8: 
1 2 3 4 5


Input 9:
5
7
1 2 1 3
2 3 2 4
3 4 3 5
4 5
3
Output 9: 
1 2 3 
2 3 4 
3 4 5


Input 10: 
6 7
6 5 6 2
5 2 5 3
1 2
2 3 2 4
3
Output 10: 
2 3 5 
2 5 6

Input 11:
8 9
1 8 1 7 1 2  
6 5 6 2
5 2 5 3
2 3 2 4
3
Output 11:
2 3 5
2 5 6